1083
1098
1143
1145
1214
1219
1224
1225
1227
1228
1259
1266
1267
1268
1269
1297
1298
1299
1300
1301
1302
1324
1336
1361
1365
1367
1399
1403
1406
1408
1417
1438
1447
1505
1515
1539
1540
1541
1596
1600
1603
1610
1629
1672
1688
1738
1784
1794
1797
1805
1822
1832
1834
1857
1891
1894
1906
1981
1993
1994
2021
2022
2026
2030
2080
2098
2101
2107
2133
2138
2140
2217
2237
2254
2259
2266
2384
2385
2409
2419
2426
2436
2437
2441
2445
2456
2463
2469
2483
2484
2497
2499
2503
2507
2511
2513
2527
2547
2553
2559
2576
2580
2599
2644
2645
2646
2681
2691
2701
2713
2721
2724
2728
2739
2740
2750
2762
2769
2774
53
592
594
963
